26
4.36111766267896e-19 0.138259803780798 -0.095105010865083 -0.0224737934411503 -0.0469747600295218 -0.0880022083686032 0.0491686737520535 -0.0997355231764845 0.0931726607717185 0.0726036972859181 -7.59268133729375e-17 0.13468744302002 -0.0780487936708398 -0.026848891559258 -0.0434874321714247 -0.08463965210309 0.0357817818078357 -0.098691780984132 0.0860527073870477 0.0761854464290756 6.83611548855808 6.31315406187441 6.29205913433908 6.4874350475629 6.93135080516528 7.05297338711407 7.44732729924931 7.3126699987709 7.00274309841512 6.74580553713237 
7.70008085916055e-18 0.383069680694469 -0.2538227427441 0.0675856083834579 -0.106760149181207 -0.246926123464775 0.11801580214391 -0.202149360800411 0.240353160342459 0.0125359490029431 1.05879624019354e-16 0.34078130590336 -0.240258202243516 0.0735249365228883 -0.0843232921978374 -0.24844059115501 0.121079033139471 -0.181154105550065 0.200225966088094 0.0239063488460863 5.59147983711329 6.19593616705669 6.42773409873852 6.34719317435074 6.06692462802483 6.69381227032535 6.1759712625127 6.15335813766164 6.69367677774283 7.08121953643604 
3.50081738095968e-17 0.242679940365183 -0.20296489780468 -0.0101038779187952 -0.1535051753766 -0.172524788734964 0.141812602565707 -0.0924742569374326 0.213464817888749 0.0341145293170912 1.19043915400115e-18 0.18145515486097 -0.190495625776044 -0.011618575716014 -0.136002838291202 -0.124494606213414 0.128662195354942 -0.0671007559379114 0.197316219792143 0.0221329216760374 13.8371991001146 15.9807548373345 16.9842991212749 15.4616905341733 14.5173080896418 14.0889128359401 17.1316888219548 19.1030706582524 17.4677415114298 15.9576954462916 
-9.53728721917038e-17 0.461765244245484 -0.073946099483568 -0.249752391807305 0.00644962283827361 -0.0526838803223011 -0.0139513032754903 -0.231712317027536 0.0793594218742729 0.101615339569711 9.28054934809233e-18 0.189528580749573 -0.0264796945185952 -0.0969802090293265 -0.000715541800192472 -0.0309968584623198 -0.00041417314170664 -0.0885067178133166 0.0274969428620559 0.0294481648125843 6.72265511016599 7.15366511662266 8.22833612044092 7.13804269939345 8.98392794909921 17.1847093319665 16.2832848085007 17.7287791838216 16.3519507885265 18.8753436357174 
-6.5286075537154e-17 0.575515137931877 -0.147318223339667 0.124518745228285 -0.00935703495625965 -0.565340092316613 0.0365501074946681 -0.562251326733716 0.130798957126452 0.390274973358733 -7.94064238545834e-18 0.229643740517553 -0.0657557825251277 0.063767673980093 -0.00710989191089567 -0.229023379423457 0.0153659004997423 -0.230634915861623 0.0582952725413356 0.163017906728061 6.49943656883762 6.02170988898239 5.84827699819444 5.90756362480626 6.60015513724011 15.3790340123197 13.9193902759754 12.2130832470614 12.2403353464656 14.9775484894077 
-4.0864135979685e-18 0.376668167667264 -0.123115162188329 0.0284939100103053 -0.010476938319957 -0.128410081042211 0.0344045556575887 -0.188607463379166 0.0994642598216596 -0.0686655456453439 -4.38673792841132e-18 0.171146955786104 -0.0599495264778062 0.0279010941825041 -0.01598507736164 -0.0407768217076908 0.0428224208355089 -0.138439122065919 0.0334334656501495 -0.0188024299856474 6.38398701562549 6.17574177505319 6.26778233751623 13.8471751929022 6.41210649060572 15.0899713764997 14.7841195669303 14.7287275180468 22.0500494331396 14.830182399075 
4.60541942527422e-16 0.0773757861193305 -0.0456054184509034 0.000804009971975094 -0.00108015663606142 -0.0648512759146767 0.0202495205737732 -0.0735668440345446 0.0265023389083657 0.0602506366191971 5.48451916561296e-17 0.0309047716380067 -0.016910836751 -0.00633918783682444 -0.000771354439428003 -0.0257614346905135 0.00745264233033295 -0.0265855929051398 0.0102338590252944 0.0277886553404854 7.18930071384215 7.06271595973523 7.39635004455718 7.50755960582568 7.33227412631834 15.8978654236802 15.901369030939 16.4266799961854 16.5827905932163 16.103374020532 
-9.41748957793394e-17 0.335824580707071 -0.0260398745856108 0.0995267806355012 -0.0464437321076744 -0.168103146277806 0.0230707588358995 -0.159809547246094 0.0491571462176479 -0.0945188422069998 -6.60404237221857e-17 0.269970602504897 -0.00623496071969724 0.0877399122338762 -0.0400827220510983 -0.131406247974039 0.0119347165488502 -0.135380514919973 0.0342348427800935 -0.0840551622968545 14.3644055999594 18.1647609725733 20.5300569303057 19.8594631344941 18.9280950523954 17.9042679126648 21.8049550543711 24.3742564376539 23.4047439072927 22.3519979275174 
7.87177410840763e-18 0.313175470794278 0.000963510918562372 -0.085371996662828 -0.0323413452104837 -0.187257930349527 -0.00113933132763346 -0.145314119157808 0.0321663307434167 0.114776567810581 -1.98223980491005e-17 0.275286414803832 -0.0196179722121024 -0.0787990601077728 0.00520384630372793 -0.177289676685789 0.00605848878691972 -0.128309284658644 0.00847711777946673 0.115727465592961 3.81724922467582 7.4438816076995 7.37798732585499 7.48591800752109 5.13358490934024 4.17861049453475 7.83333656663425 7.78078287889781 7.91731709601794 5.54486263709302 
-7.56845419703497e-17 0.145137128662279 -0.0277144252866846 0.0350168415355059 -0.0232173435473538 -0.0395929851394397 0.0580344003938255 -0.0882425756318737 -0.00684281863492974 -0.0513772307933982 -7.64901171489782e-17 0.13954560636282 -0.0106278355768707 0.037360158320066 -0.00399074623667827 -0.0318431977776375 0.00835160657566305 -0.0992334808105746 0.00630452187164314 -0.0450130081596397 15.8274324583184 16.0886583058873 16.1319715548544 14.656683538234 16.0477585336868 16.1959863352302 16.9680936365668 17.1796550807884 15.4187649312495 16.9972638048968 
2.80103021061583e-17 0.370415745453519 -0.0706012430676959 -0.0105564176429341 -0.090691796470319 -0.101965023927895 0.0356460972270898 -0.162070457522854 0.126477480619054 -0.0767355923643294 -1.2269748130911e-16 0.276240449073807 -0.0594261168201845 0.00961063711446594 -0.0307244413475948 -0.0343361835089257 0.0147584765118512 -0.161621213707272 0.0759156569091921 -0.0825417070348098 7.46228395350215 8.63878335108467 8.27920927887595 9.15413706043575 8.79605593690796 10.5537221720385 9.28183775794219 8.5847830613448 9.40428001421354 10.1361133355799 
-3.1078982543229e-18 0.366798907596923 -0.0363036925580799 -0.125971159582456 0.00031045333935775 -0.0890318068622806 0.0034440005160368 -0.115575760711708 0.0322861799947226 -0.0159801978262942 -7.29141306452658e-18 0.348037076069329 -0.0332246247099704 -0.125806583703945 3.52703806721967e-05 -0.0841165441219033 0.00424977983234028 -0.124543318308994 0.0287065658398843 0.00346590388262677 6.41390723346984 9.08168238286074 8.92189716483752 9.16410307410835 8.50884127826554 9.34272120480233 9.05481499728102 8.92518267031897 8.88512697676242 8.87530103518313 
-2.74362536148624e-17 0.656916045348893 -0.208460852230693 0.154031417357221 -0.0917487662294832 -0.509716138230827 -0.027453918087858 -0.520326940584858 0.33194455013564 0.232990120564597 -2.20219409021467e-17 0.616042796913096 -0.202212929474999 0.182656219579325 -0.0958597838648006 -0.510338432268768 -0.029254951840826 -0.520314070604421 0.329966042327545 0.230241071586046 14.3858862231428 13.6114470297691 15.2265387503241 14.9522440973763 17.0860008967439 15.9064643382821 14.2719542505234 14.4451393538554 14.1221823330285 17.5451564210177 
-4.91159320337354e-17 0.172820177411922 -0.0706913800974356 0.103467220325267 0.00178487661406805 -0.130912889407803 -0.00725006094453022 -0.0528908085819363 0.0761430084202725 -0.0909728875331839 5.3485637414286e-17 0.170843011700178 -0.0442053727877541 0.106060146372831 -0.00028591395427121 -0.134555643423924 0.00257547381133624 -0.0513077014840179 0.0418307531101668 -0.0896109457790681 16.0262967224243 15.9142376074876 17.5041584418405 16.7835349751041 17.91527840103 16.740847504999 15.9212015418036 17.5103660043586 16.959905293201 18.6496299996599 
-3.1772874654852e-17 0.612875279894536 -0.099797589317362 -0.151166569608662 -0.116513965114833 -0.411950958383224 0.0961220140972912 -0.0410188458737319 0.110492432968916 0.0460299542505603 2.1617723171805e-17 0.612264349141677 -0.0983695657512035 -0.151310240390246 -0.112717774843834 -0.396062817253873 0.0936420405902024 -0.045713335579619 0.108609384621878 0.0386878231976751 5.78478877688629 6.76739912140641 6.83044832568433 6.6941835128896 6.60244513399298 5.59264107487737 6.93785703752409 7.14430038508414 6.80672769936791 6.6689672680291 
2.55450087611109e-18 0.57817349096282 -0.175823692166085 -0.209111696949821 -0.0516392690318042 -0.0726224780626164 0.116651267810483 -0.123762166493885 0.107237995869656 -0.105646584235093 8.16988709042189e-19 0.566911285498314 -0.171871396004815 -0.211842133498618 -0.0509333439481135 -0.0718713860900889 0.114173330438687 -0.118437838694301 0.104991169121141 -0.101401594261248 14.0205871471035 14.9841380157888 17.8092287990227 19.4218849494457 19.121537842422 13.9490947060641 15.4366209611266 18.168674122643 19.8204972263675 19.5035249094737 
-1.27936814556473e-17 0.27231179416138 -0.133032428577607 -0.0472234468726885 -0.109162222106626 -0.0872695867156616 0.0953059439464747 -0.0627533144788651 0.147039582582926 -0.0680827018204982 4.7414940293763e-17 0.255730048689359 -0.137586172462539 -0.0337748422134529 -0.0779636219966358 -0.104388639537118 0.0812256250297497 -0.0471156267661958 0.134128314784356 -0.0645971743411147 14.713837111003 15.1086849273303 13.6277402953321 13.8406618354291 13.1580936996113 14.0295119211398 16.1419931699414 15.4198400657394 16.374476397435 16.0683000233388 
-3.81169803101864e-17 0.1869068881654 -0.0621632792938879 -0.0651214404123207 -0.0305806141583661 -0.114164387664715 0.00667974427196313 -0.0936403880641877 0.0862825312968206 0.0884065172142096 3.33397564486201e-16 0.0684177072105501 -0.0218047419384719 -0.0190365473606991 -0.0106068094865703 -0.0418363964366216 0.0030961153214099 -0.0360572233503287 0.0293230572280576 0.0286255650666279 7.27623291546618 8.7978892973766 9.08863134801901 8.88297674047056 7.67089092461286 20.2879774674111 21.9784658538772 22.2078033506607 21.9127936470801 20.5238347554596 
-6.65458804534765e-18 0.906010555615143 -0.209127248342259 0.049437604647402 -0.0456800667610528 -0.625450505667434 -0.0143392903343298 -0.268874284733286 0.266633873200628 0.0723606862786074 1.27136951902631e-17 0.31873121110681 -0.0835556460379431 0.0401456073327027 -0.024638804803323 -0.239084261398069 -0.00994273134920854 -0.142568519636008 0.117860889777816 0.030166125153949 4.56541408256837 5.76412427604625 5.99228024743753 8.35484124962554 7.3485794556575 14.4207891858182 14.8466434928979 14.2687201609887 16.8794941276816 16.4241563903145 
5.32965265084525e-17 0.136425845346279 -0.0601987728364991 -0.0844847963154501 -0.0466511849920639 -0.121811037134067 0.085930189274985 0.0402544569637239 0.0206042336670346 0.0295927169293057 -2.33423891272622e-17 0.111400628371915 -0.064368498977968 -0.0738224662521897 -0.0514092248993426 -0.108659500773207 0.094266449729927 0.0425320343218171 0.0213508054540146 0.0283494430598573 6.67395608605815 6.59903847085881 6.66924719818589 7.04100776281182 6.80880472814897 7.46234797785267 6.8913843779728 6.76076135938473 7.0501821404417 7.11440560521393 
-8.64537061448845e-17 0.255046731293868 -0.0760558984816481 0.181466184389042 -0.0122835733076652 -0.0713032618734401 0.0362553755287704 -0.18854280353005 0.0520895194536445 -0.171604151876301 1.30877729722363e-16 0.0753381325732506 -0.0269879272492084 0.0501819233985182 -0.0038789490546407 -0.0231475366938113 0.0127942668200765 -0.0540244220769915 0.0180714130882728 -0.048207139163943 7.3623938003405 7.52949129671222 6.8979275835935 6.56615143204612 6.55079770432605 21.2784602948227 21.2548856568122 20.0292219933352 19.4647904686257 19.4903388843543 
2.15263125633089e-17 0.328292711253641 -0.127479408541263 0.160470735096624 0.0100528559397849 -0.0807808790256404 0.0196467442985772 -0.301071991552892 0.0969952601008632 -0.101347271541945 -2.32209740844824e-18 0.285941256197328 -0.132129577036623 0.12879142521285 -0.00222838195061503 -0.0482526670692522 0.0511581116021115 -0.294666777981225 0.0836508838499218 -0.0714975075560486 13.9976106781179 14.974382425919 16.7630687539436 12.9039206839021 15.9417502445196 13.3904640525616 14.7631173847853 17.9747889981954 15.2321358391129 17.4899944381961 
-7.397237376861e-18 0.302222227213744 -0.13822515248903 -0.253952951922843 -0.0444324058292808 -0.197999996971623 0.0911405948745437 -0.0372319453349053 0.0874785711827507 0.189771639331027 2.4208142264504e-17 0.137086604409519 -0.0648455773981331 -0.116734823833055 -0.0171584881135452 -0.0986545797153112 0.0445687121746971 -0.0125146759081018 0.0370043490491166 0.0909921504642124 6.4740093186854 8.36736607454076 9.07995811805623 7.8489770170244 6.75216622443764 15.7549151218889 17.4084819086565 18.0793119190863 16.8824662338241 15.9282560170496 
-4.68200890199652e-17 0.325814269287981 -0.0883683866058557 0.00727685951919576 -0.114155660715206 -0.13080017132471 -0.0586946890099115 -0.153085020297705 0.267701352072753 -0.0384266743532099 -4.08590314968189e-17 0.229800365195697 -0.0380124877563866 0.0448935787648295 -0.0619560354801133 -0.0623643492493132 -0.0231615053769483 -0.0911625445524522 0.124511262078122 -0.117579463120307 6.59283173432135 6.19059061791125 6.24523178738797 6.32684965064815 8.42400442457321 8.92829382855424 7.56113391910647 7.20645922235955 7.3523678346522 10.3957470786213 
2.05993891077522e-17 0.115216082157299 -0.0316622711186191 0.049383716800461 0.00913671046913828 -0.113254350772224 0.0203768451485508 -0.103349529312393 0.00226793299473237 0.0516220845830285 1.71276877606022e-16 0.112357506802328 -0.0364021513379778 0.0484048854564368 0.0112357687302142 -0.11137592493965 0.023264385840101 -0.100682230935582 0.00203101486986195 0.0509282790473825 13.768142080271 14.0752460165842 13.8183723804588 13.7453763165911 13.8092624927103 14.1643122458148 14.1517348168909 13.8868064182481 13.9015392736604 14.1104418766025 
1.67943995079374e-17 0.282700467322313 -0.0723148730752176 -0.0765676131153741 -0.00692662947022547 -0.128123380742259 0.00693009130370994 -0.168925194919048 0.0724902707553587 0.0984788359313234 2.25368172677186e-17 0.258317403315925 -0.0658048482263272 -0.0674252202347315 -0.0027349978080417 -0.109315576536365 -0.00255339564581009 -0.163910614230073 0.0712051448578481 0.0879982603064378 14.359233988936 15.454674741959 16.2435538771309 14.2339345409181 15.2678551958638 14.8058461020007 16.8332231829516 17.6599460335059 15.7181787825317 16.0086975247466 
